0.536,-0.604,0.143,0.202,-0.386,0.448,0.281,-0.502,0.441,0.615,-0.714,0.147,0.188,-0.172,-1.086,-0.201,0.317,-0.420,-0.164,0.269,-0.373,0.180,-0.161,-0.987,0.000,0.000,0.000,0.000
,-0.604,1.578,-0.183,-0.976,0.663,-0.620,-0.455,-0.007,-0.590,-0.067,0.875,-0.190,-0.247,0.162,1.494,0.254,-0.439,0.604,0.227,-0.409,0.454,-0.221,0.138,1.417,0.000,0.000,0.000,0.000
,0.143,-0.183,0.293,0.118,-0.168,0.230,0.125,-0.179,0.228,0.142,-0.185,0.300,0.813,-1.155,-0.590,0.533,-0.746,-0.174,0.566,-0.787,-0.178,0.771,-1.091,-0.691,0.000,0.000,0.000,0.000
,0.202,-0.976,0.118,0.780,-0.365,0.258,0.262,0.313,0.255,-0.338,-0.266,0.119,0.378,-0.386,-0.969,0.004,0.060,-0.443,0.004,0.061,-0.316,0.360,-0.361,-0.845,0.000,0.000,0.000,0.000
,-0.386,0.663,-0.168,-0.365,0.407,-0.402,-0.281,0.305,-0.379,-0.307,0.563,-0.171,-0.452,0.510,1.367,-0.016,-0.029,0.627,-0.017,-0.033,0.452,-0.426,0.472,1.282,0.000,0.000,0.000,0.000
,0.448,-0.620,0.230,0.258,-0.402,0.569,0.279,-0.442,0.540,0.480,-0.669,0.241,0.655,-0.809,-0.543,0.536,-0.666,-0.394,0.563,-0.693,-0.417,0.597,-0.730,-0.548,0.000,0.000,0.000,0.000
,0.281,-0.455,0.125,0.262,-0.281,0.279,0.215,-0.223,0.272,0.219,-0.376,0.127,0.357,-0.394,-0.976,0.040,0.006,-0.513,0.028,0.024,-0.411,0.326,-0.352,-0.926,0.000,0.000,0.000,0.000
,-0.502,-0.007,-0.179,0.313,0.305,-0.442,-0.223,1.022,-0.412,-1.054,0.729,-0.183,-0.424,0.520,1.373,-0.066,0.048,0.730,-0.050,0.017,0.601,-0.380,0.460,1.404,0.000,0.000,0.000,0.000
,0.441,-0.590,0.228,0.255,-0.379,0.540,0.272,-0.412,0.531,0.459,-0.618,0.239,0.647,-0.830,-0.519,0.526,-0.663,-0.348,0.582,-0.731,-0.413,0.609,-0.769,-0.468,0.000,0.000,0.000,0.000
,0.615,-0.067,0.142,-0.338,-0.307,0.480,0.219,-1.054,0.459,1.228,-0.880,0.147,0.137,-0.161,-1.059,-0.205,0.282,-0.399,-0.157,0.220,-0.406,0.130,-0.139,-1.007,0.000,0.000,0.000,0.000
,-0.714,0.875,-0.185,-0.266,0.563,-0.669,-0.376,0.729,-0.618,-0.880,1.103,-0.193,-0.193,0.148,1.471,0.253,-0.396,0.589,0.217,-0.356,0.497,-0.162,0.105,1.472,0.000,0.000,0.000,0.000
,0.147,-0.190,0.300,0.119,-0.171,0.241,0.127,-0.183,0.239,0.147,-0.193,0.311,0.819,-1.196,-0.538,0.561,-0.796,-0.147,0.602,-0.849,-0.219,0.774,-1.123,-0.706,0.000,0.000,0.000,0.000
,0.188,-0.247,0.813,0.378,-0.452,0.655,0.357,-0.424,0.647,0.137,-0.193,0.819,10.719,-12.989,0.853,6.724,-7.607,-1.146,4.480,-4.873,-0.392,5.515,-6.137,-4.434,0.000,0.000,0.000,0.000
,-0.172,0.162,-1.155,-0.386,0.510,-0.809,-0.394,0.520,-0.830,-0.161,0.148,-1.196,-12.989,19.672,-3.518,-7.972,12.157,-0.728,-5.192,8.663,1.172,-6.528,10.821,7.358,0.000,0.000,0.000,0.000
,-1.086,1.494,-0.590,-0.969,1.367,-0.543,-0.976,1.373,-0.519,-1.059,1.471,-0.538,0.853,-3.518,49.292,0.056,-1.682,3.493,-1.653,-0.078,0.059,-5.723,5.323,14.867,0.000,0.000,0.000,0.000
,-0.201,0.254,0.533,0.004,-0.016,0.536,0.040,-0.066,0.526,-0.205,0.253,0.561,6.724,-7.972,0.056,19.714,-24.585,14.791,11.854,-14.637,2.424,2.901,-3.179,-3.264,0.000,0.000,0.000,0.000
,0.317,-0.439,-0.746,0.060,-0.029,-0.666,0.006,0.048,-0.663,0.282,-0.396,-0.796,-7.607,12.157,-1.682,-24.585,34.561,-22.363,-14.613,21.572,-3.716,-3.029,6.267,5.312,0.000,0.000,0.000,0.000
,-0.420,0.604,-0.174,-0.443,0.627,-0.394,-0.513,0.730,-0.348,-0.399,0.589,-0.147,-1.146,-0.728,3.493,14.791,-22.363,65.874,2.563,-6.377,13.967,-3.315,1.633,-1.806,0.000,0.000,0.000,0.000
,-0.164,0.227,0.566,0.004,-0.017,0.563,0.028,-0.050,0.582,-0.157,0.217,0.602,4.480,-5.192,-1.653,11.854,-14.613,2.563,18.353,-22.241,8.884,6.536,-7.499,1.301,0.000,0.000,0.000,0.000
,0.269,-0.409,-0.787,0.061,-0.033,-0.693,0.024,0.017,-0.731,0.220,-0.356,-0.849,-4.873,8.663,-0.078,-14.637,21.572,-6.377,-22.241,30.838,-10.864,-7.501,11.689,-0.081,0.000,0.000,0.000,0.000
,-0.373,0.454,-0.178,-0.316,0.452,-0.417,-0.411,0.601,-0.413,-0.406,0.497,-0.219,-0.392,1.172,0.059,2.424,-3.716,13.967,8.884,-10.864,34.178,0.492,0.309,0.720,0.000,0.000,0.000,0.000
,0.180,-0.221,0.771,0.360,-0.426,0.597,0.326,-0.380,0.609,0.130,-0.162,0.774,5.515,-6.528,-5.723,2.901,-3.029,-3.315,6.536,-7.501,0.492,11.236,-13.487,5.261,0.000,0.000,0.000,0.000
,-0.161,0.138,-1.091,-0.361,0.472,-0.730,-0.352,0.460,-0.769,-0.139,0.105,-1.123,-6.137,10.821,5.323,-3.179,6.267,1.633,-7.499,11.689,0.309,-13.487,20.073,-4.751,0.000,0.000,0.000,0.000
,-0.987,1.417,-0.691,-0.845,1.282,-0.548,-0.926,1.404,-0.468,-1.007,1.472,-0.706,-4.434,7.358,14.867,-3.264,5.312,-1.806,1.301,-0.081,0.720,5.261,-4.751,81.758,0.000,0.000,0.000,0.000
,0.000,0.000,0.000,0.000,0.000,0.000,0.000,0.000,0.000,0.000,0.000,0.000,0.000,0.000,0.000,0.000,0.000,0.000,0.000,0.000,0.000,0.000,0.000,0.000,1.000,0.000,0.000,0.000
,0.000,0.000,0.000,0.000,0.000,0.000,0.000,0.000,0.000,0.000,0.000,0.000,0.000,0.000,0.000,0.000,0.000,0.000,0.000,0.000,0.000,0.000,0.000,0.000,0.000,1.000,0.000,0.000
,0.000,0.000,0.000,0.000,0.000,0.000,0.000,0.000,0.000,0.000,0.000,0.000,0.000,0.000,0.000,0.000,0.000,0.000,0.000,0.000,0.000,0.000,0.000,0.000,0.000,0.000,1.000,0.000
,0.000,0.000,0.000,0.000,0.000,0.000,0.000,0.000,0.000,0.000,0.000,0.000,0.000,0.000,0.000,0.000,0.000,0.000,0.000,0.000,0.000,0.000,0.000,0.000,0.000,0.000,0.000,1.000;




0.002,-0.000,0.000,0.002,0.000,0.000,-0.004,-0.000,-0.000,-0.001,-0.000,0.000,0.001,0.000,0.001,-0.000,-0.000,-0.000,0.000,-0.000,0.000,0.000,-0.000,0.000,0.000,0.000,0.000,0.000
-0.000,0.000,-0.000,-0.000,-0.000,-0.000,0.000,0.000,0.000,0.000,0.000,-0.000,0.000,0.000,-0.000,0.000,0.000,-0.000,-0.000,0.000,-0.000,-0.000,0.000,0.000,0.000,0.000,0.000,0.000
,0.000,-0.000,0.000,0.000,0.000,0.000,-0.000,-0.000,-0.000,-0.000,-0.000,0.000,0.000,0.000,0.000,-0.000,-0.000,0.000,-0.000,-0.000,0.000,0.000,-0.000,0.000,0.000,0.000,0.000,0.000
,0.002,-0.000,0.000,0.003,0.000,0.000,-0.005,-0.001,-0.000,-0.001,-0.000,0.000,0.001,0.000,0.001,-0.000,-0.000,-0.000,0.000,0.000,0.000,0.000,-0.000,0.000,0.000,0.000,0.000,0.000
,0.000,-0.000,0.000,0.000,0.000,0.000,-0.000,-0.000,-0.000,-0.000,-0.000,0.000,0.000,0.000,0.000,0.000,0.000,-0.000,0.000,0.000,0.000,0.000,0.000,0.000,0.000,0.000,0.000,0.000
,0.000,-0.000,0.000,0.000,0.000,0.000,-0.000,-0.000,-0.000,-0.000,-0.000,0.000,0.000,0.000,0.000,-0.000,-0.000,-0.000,0.000,0.000,0.000,-0.000,-0.000,0.000,0.000,0.000,0.000,0.000
-0.004,0.000,-0.000,-0.005,-0.000,-0.000,0.011,0.001,0.000,0.002,0.001,-0.000,-0.002,-0.000,-0.001,0.001,0.000,-0.000,-0.000,0.000,-0.000,-0.001,0.000,-0.001,0.000,0.000,0.000,0.000
-0.000,0.000,-0.000,-0.001,-0.000,-0.000,0.001,0.000,0.000,0.000,0.000,-0.000,-0.000,-0.000,-0.000,0.000,0.000,-0.000,-0.000,0.000,-0.000,-0.000,0.000,-0.000,0.000,0.000,0.000,0.000
-0.000,0.000,-0.000,-0.000,-0.000,-0.000,0.000,0.000,0.000,0.000,0.000,-0.000,-0.000,0.000,-0.000,0.000,0.000,-0.000,0.000,0.000,0.000,-0.000,0.000,-0.000,0.000,0.000,0.000,0.000
-0.001,0.000,-0.000,-0.001,-0.000,-0.000,0.002,0.000,0.000,0.001,0.000,-0.000,-0.001,-0.000,-0.001,0.000,-0.000,0.000,0.000,-0.000,0.000,-0.000,0.000,-0.000,0.000,0.000,0.000,0.000
-0.000,0.000,-0.000,-0.000,-0.000,-0.000,0.001,0.000,0.000,0.000,0.000,-0.000,-0.000,-0.000,-0.000,0.000,0.000,0.000,-0.000,0.000,-0.000,-0.000,0.000,-0.000,0.000,0.000,0.000,0.000
,0.000,-0.000,0.000,0.000,0.000,0.000,-0.000,-0.000,-0.000,-0.000,-0.000,0.000,0.000,-0.000,0.000,-0.000,-0.000,0.000,-0.000,-0.000,0.000,0.000,-0.000,0.000,0.000,0.000,0.000,0.000
,0.001,0.000,0.000,0.001,0.000,0.000,-0.002,-0.000,-0.000,-0.001,-0.000,0.000,0.104,0.010,0.066,0.003,0.001,0.001,-0.002,0.000,0.000,0.003,0.000,0.001,0.000,0.000,0.000,0.000
,0.000,0.000,0.000,0.000,0.000,0.000,-0.000,-0.000,0.000,-0.000,-0.000,-0.000,0.010,0.004,0.009,-0.000,0.002,0.002,-0.000,0.002,-0.002,0.000,0.003,-0.002,0.000,0.000,0.000,0.000
,0.001,-0.000,0.000,0.001,0.000,0.000,-0.001,-0.000,-0.000,-0.001,-0.000,0.000,0.066,0.009,0.049,-0.000,0.002,0.001,0.001,0.002,-0.002,0.002,0.002,-0.001,0.000,0.000,0.000,0.000
-0.000,0.000,-0.000,-0.000,0.000,-0.000,0.001,0.000,0.000,0.000,0.000,-0.000,0.003,-0.000,-0.000,0.016,0.002,0.004,-0.002,0.000,-0.001,0.000,-0.000,0.002,0.000,0.000,0.000,0.000
-0.000,0.000,-0.000,-0.000,0.000,-0.000,0.000,0.000,0.000,-0.000,0.000,-0.000,0.001,0.002,0.002,0.002,0.003,0.002,-0.000,0.003,-0.002,0.000,0.002,-0.001,0.000,0.000,0.000,0.000
-0.000,-0.000,0.000,-0.000,-0.000,-0.000,-0.000,-0.000,-0.000,0.000,0.000,0.000,0.001,0.002,0.001,0.004,0.002,0.011,-0.001,0.002,-0.001,0.002,0.002,-0.000,0.000,0.000,0.000,0.000
,0.000,-0.000,-0.000,0.000,0.000,0.000,-0.000,-0.000,0.000,0.000,-0.000,-0.000,-0.002,-0.000,0.001,-0.002,-0.000,-0.001,0.011,0.001,0.002,0.002,0.000,0.000,0.000,0.000,0.000,0.000
-0.000,0.000,-0.000,0.000,0.000,0.000,0.000,0.000,0.000,-0.000,0.000,-0.000,0.000,0.002,0.002,0.000,0.003,0.002,0.001,0.003,-0.002,0.000,0.002,-0.002,0.000,0.000,0.000,0.000
,0.000,-0.000,0.000,0.000,0.000,0.000,-0.000,-0.000,0.000,0.000,-0.000,0.000,0.000,-0.002,-0.002,-0.001,-0.002,-0.001,0.002,-0.002,0.006,0.000,-0.002,0.001,0.000,0.000,0.000,0.000
,0.000,-0.000,0.000,0.000,0.000,-0.000,-0.001,-0.000,-0.000,-0.000,-0.000,0.000,0.003,0.000,0.002,0.000,0.000,0.002,0.002,0.000,0.000,0.026,0.003,0.015,0.000,0.000,0.000,0.000
-0.000,0.000,-0.000,-0.000,0.000,-0.000,0.000,0.000,0.000,0.000,0.000,-0.000,0.000,0.003,0.002,-0.000,0.002,0.002,0.000,0.002,-0.002,0.003,0.003,-0.000,0.000,0.000,0.000,0.000
,0.000,0.000,0.000,0.000,0.000,0.000,-0.001,-0.000,-0.000,-0.000,-0.000,0.000,0.001,-0.002,-0.001,0.002,-0.001,-0.000,0.000,-0.002,0.001,0.015,-0.000,0.016,0.000,0.000,0.000,0.000
,0.000,0.000,0.000,0.000,0.000,0.000,0.000,0.000,0.000,0.000,0.000,0.000,0.000,0.000,0.000,0.000,0.000,0.000,0.000,0.000,0.000,0.000,0.000,0.000,0.000,0.000,0.000,0.000
,0.000,0.000,0.000,0.000,0.000,0.000,0.000,0.000,0.000,0.000,0.000,0.000,0.000,0.000,0.000,0.000,0.000,0.000,0.000,0.000,0.000,0.000,0.000,0.000,0.000,0.000,0.000,0.000
,0.000,0.000,0.000,0.000,0.000,0.000,0.000,0.000,0.000,0.000,0.000,0.000,0.000,0.000,0.000,0.000,0.000,0.000,0.000,0.000,0.000,0.000,0.000,0.000,0.000,0.000,0.000,0.000
,0.000,0.000,0.000,0.000,0.000,0.000,0.000,0.000,0.000,0.000,0.000,0.000,0.000,0.000,0.000,0.000,0.000,0.000,0.000,0.000,0.000,0.000,0.000,0.000,0.000,0.000,0.000,0.000



0.004,-0.002,0.001,-0.003,0.002,0.001,0.003,-0.009,0.001,0.003,0.001,0.000,0.001,-0.001,0.001,0.000,-0.000,-0.000,-0.000,0.000,0.000,0.000,-0.000,-0.000,0.000,0.000,0.000,0.000
-0.002,0.004,-0.000,0.001,-0.001,0.000,0.001,-0.001,0.000,0.001,-0.002,0.000,-0.000,0.000,-0.000,-0.000,0.000,0.000,-0.000,0.000,-0.000,-0.000,0.000,0.000,0.000,0.000,0.000,0.000
,0.001,-0.000,0.000,-0.000,-0.000,0.000,0.000,-0.002,0.000,0.001,-0.000,0.000,0.000,-0.000,0.000,0.000,-0.000,0.000,-0.000,0.000,0.000,0.000,-0.000,0.000,0.000,0.000,0.000,0.000
-0.003,0.001,-0.000,0.004,-0.004,-0.000,-0.002,0.008,-0.000,-0.002,-0.001,-0.000,-0.000,0.001,-0.000,0.000,-0.000,0.000,0.000,-0.000,0.000,-0.000,-0.000,-0.000,0.000,0.000,0.000,0.000
,0.002,-0.001,-0.000,-0.004,0.008,-0.001,0.001,-0.002,-0.000,0.000,0.001,-0.001,0.000,0.000,0.000,0.000,0.000,-0.000,-0.000,0.000,-0.000,0.000,0.000,0.000,0.000,0.000,0.000,0.000
,0.001,0.000,0.000,-0.000,-0.001,0.000,0.001,-0.002,0.000,0.001,-0.000,0.000,0.000,-0.000,0.000,0.000,-0.000,0.000,-0.000,0.000,0.000,0.000,-0.000,-0.000,0.000,0.000,0.000,0.000
,0.003,0.001,0.000,-0.002,0.001,0.001,0.005,-0.013,0.001,0.004,-0.001,0.001,0.000,-0.000,-0.000,-0.000,-0.000,0.000,-0.000,0.000,-0.000,0.000,0.000,0.000,0.000,0.000,0.000,0.000
-0.009,-0.001,-0.002,0.008,-0.002,-0.002,-0.013,0.037,-0.003,-0.011,0.001,-0.002,-0.001,0.002,-0.001,0.000,0.000,0.000,0.000,-0.000,0.000,-0.000,-0.000,-0.000,0.000,0.000,0.000,0.000
,0.001,0.000,0.000,-0.000,-0.000,0.000,0.001,-0.003,0.000,0.001,-0.000,0.000,0.000,-0.000,0.000,0.000,-0.000,0.000,-0.000,0.000,0.000,0.000,-0.000,0.000,0.000,0.000,0.000,0.000
,0.003,0.001,0.001,-0.002,0.000,0.001,0.004,-0.011,0.001,0.004,-0.001,0.001,0.000,-0.001,0.000,-0.000,-0.000,0.000,-0.000,0.000,-0.000,0.000,0.000,0.000,0.000,0.000,0.000,0.000
,0.001,-0.002,-0.000,-0.001,0.001,-0.000,-0.001,0.001,-0.000,-0.001,0.002,-0.000,0.000,-0.000,0.000,0.000,0.000,-0.000,0.000,-0.000,0.000,0.000,-0.000,-0.000,0.000,0.000,0.000,0.000
,0.000,0.000,0.000,-0.000,-0.001,0.000,0.001,-0.002,0.000,0.001,-0.000,0.000,0.000,-0.000,0.000,0.000,-0.000,0.000,-0.000,-0.000,0.000,0.000,-0.000,0.000,0.000,0.000,0.000,0.000
,0.001,-0.000,0.000,-0.000,0.000,0.000,0.000,-0.001,0.000,0.000,0.000,0.000,0.020,-0.031,0.021,0.003,0.000,0.002,0.003,0.001,-0.002,0.003,0.001,-0.002,0.000,0.000,0.000,0.000
-0.001,0.000,-0.000,0.001,0.000,-0.000,-0.000,0.002,-0.000,-0.001,-0.000,-0.000,-0.031,0.065,-0.036,0.000,0.004,0.000,0.003,-0.002,-0.000,0.003,0.000,-0.002,0.000,0.000,0.000,0.000
,0.001,-0.000,0.000,-0.000,0.000,0.000,-0.000,-0.001,0.000,0.000,0.000,0.000,0.021,-0.036,0.033,0.003,-0.000,0.002,0.003,-0.001,-0.002,0.003,-0.000,-0.001,0.000,0.000,0.000,0.000
,0.000,-0.000,0.000,0.000,0.000,0.000,-0.000,0.000,0.000,-0.000,0.000,0.000,0.003,0.000,0.003,0.006,-0.003,0.002,0.003,0.001,-0.003,0.002,0.001,-0.002,0.000,0.000,0.000,0.000
-0.000,0.000,-0.000,-0.000,0.000,-0.000,-0.000,0.000,-0.000,-0.000,0.000,-0.000,0.000,0.004,-0.000,-0.003,0.010,-0.001,0.003,-0.002,0.000,0.003,-0.001,-0.002,0.000,0.000,0.000,0.000
-0.000,0.000,0.000,0.000,-0.000,0.000,0.000,0.000,0.000,0.000,-0.000,0.000,0.002,0.000,0.002,0.002,-0.001,0.005,0.001,0.002,-0.000,0.002,0.001,-0.001,0.000,0.000,0.000,0.000
-0.000,-0.000,-0.000,0.000,-0.000,-0.000,-0.000,0.000,-0.000,-0.000,0.000,-0.000,0.003,0.003,0.003,0.003,0.003,0.001,0.010,-0.009,0.000,0.005,-0.001,-0.002,0.000,0.000,0.000,0.000
,0.000,0.000,0.000,-0.000,0.000,0.000,0.000,-0.000,0.000,0.000,-0.000,-0.000,0.001,-0.002,-0.001,0.001,-0.002,0.002,-0.009,0.017,-0.005,-0.003,0.005,-0.001,0.000,0.000,0.000,0.000
,0.000,-0.000,0.000,0.000,-0.000,0.000,-0.000,0.000,0.000,-0.000,0.000,0.000,-0.002,-0.000,-0.002,-0.003,0.000,-0.000,0.000,-0.005,0.013,-0.001,-0.002,0.002,0.000,0.000,0.000,0.000
,0.000,-0.000,0.000,-0.000,0.000,0.000,0.000,-0.000,0.000,0.000,0.000,0.000,0.003,0.003,0.003,0.002,0.003,0.002,0.005,-0.003,-0.001,0.005,-0.002,-0.001,0.000,0.000,0.000,0.000
-0.000,0.000,-0.000,-0.000,0.000,-0.000,0.000,-0.000,-0.000,0.000,-0.000,-0.000,0.001,0.000,-0.000,0.001,-0.001,0.001,-0.001,0.005,-0.002,-0.002,0.006,-0.002,0.000,0.000,0.000,0.000
-0.000,0.000,0.000,-0.000,0.000,-0.000,0.000,-0.000,0.000,0.000,-0.000,0.000,-0.002,-0.002,-0.001,-0.002,-0.002,-0.001,-0.002,-0.001,0.002,-0.001,-0.002,0.004,0.000,0.000,0.000,0.000
,0.000,0.000,0.000,0.000,0.000,0.000,0.000,0.000,0.000,0.000,0.000,0.000,0.000,0.000,0.000,0.000,0.000,0.000,0.000,0.000,0.000,0.000,0.000,0.000,0.000,0.000,0.000,0.000
,0.000,0.000,0.000,0.000,0.000,0.000,0.000,0.000,0.000,0.000,0.000,0.000,0.000,0.000,0.000,0.000,0.000,0.000,0.000,0.000,0.000,0.000,0.000,0.000,0.000,0.000,0.000,0.000
,0.000,0.000,0.000,0.000,0.000,0.000,0.000,0.000,0.000,0.000,0.000,0.000,0.000,0.000,0.000,0.000,0.000,0.000,0.000,0.000,0.000,0.000,0.000,0.000,0.000,0.000,0.000,0.000
,0.000,0.000,0.000,0.000,0.000,0.000,0.000,0.000,0.000,0.000,0.000,0.000,0.000,0.000,0.000,0.000,0.000,0.000,0.000,0.000,0.000,0.000,0.000,0.000,0.000,0.000,0.000,0.000


2.769,-0.163,3.654,3.753,-0.220,3.792,3.685,-0.216,3.791,2.823,-0.166,3.656,-1.028,0.059,2.096,0.507,-0.035,0.084,0.473,-0.033,0.088,-1.153,0.066,2.062,0.000,0.000,0.000,0.000
,-0.163,0.010,-0.215,-0.218,0.013,-0.223,-0.213,0.013,-0.223,-0.165,0.010,-0.215,0.058,-0.004,-0.122,-0.033,0.002,-0.004,-0.032,0.002,-0.004,0.064,-0.004,-0.119,0.000,0.000,0.000,0.000
,3.654,-0.215,5.185,5.100,-0.299,5.360,4.998,-0.293,5.358,3.753,-0.221,5.189,-0.852,0.057,2.588,0.775,-0.043,-0.406,0.715,-0.040,-0.441,-0.956,0.063,2.522,0.000,0.000,0.000,0.000
,3.753,-0.218,5.100,6.427,-0.375,5.386,6.335,-0.369,5.384,3.903,-0.226,5.107,-3.355,0.183,1.708,-2.468,0.130,2.170,-2.507,0.132,2.211,-3.549,0.194,1.673,0.000,0.000,0.000,0.000
,-0.220,0.013,-0.299,-0.375,0.022,-0.316,-0.369,0.022,-0.316,-0.229,0.013,-0.299,0.197,-0.011,-0.102,0.143,-0.008,-0.127,0.145,-0.008,-0.129,0.208,-0.011,-0.099,0.000,0.000,0.000,0.000
,3.792,-0.223,5.360,5.386,-0.316,5.552,5.281,-0.309,5.550,3.898,-0.229,5.365,-1.096,0.070,2.683,0.551,-0.031,-0.189,0.489,-0.028,-0.218,-1.212,0.076,2.618,0.000,0.000,0.000,0.000
,3.685,-0.213,4.998,6.335,-0.369,5.281,6.246,-0.364,5.279,3.834,-0.222,5.004,-3.331,0.180,1.632,-2.465,0.129,2.142,-2.504,0.131,2.189,-3.526,0.191,1.602,0.000,0.000,0.000,0.000
,-0.216,0.013,-0.293,-0.369,0.022,-0.309,-0.364,0.021,-0.309,-0.224,0.013,-0.293,0.195,-0.011,-0.097,0.143,-0.008,-0.126,0.145,-0.008,-0.128,0.206,-0.011,-0.095,0.000,0.000,0.000,0.000
,3.791,-0.223,5.358,5.384,-0.316,5.550,5.279,-0.309,5.548,3.897,-0.229,5.363,-1.096,0.070,2.683,0.551,-0.031,-0.189,0.490,-0.028,-0.219,-1.211,0.076,2.617,0.000,0.000,0.000,0.000
,2.823,-0.165,3.753,3.903,-0.229,3.898,3.834,-0.224,3.897,2.893,-0.170,3.756,-1.032,0.057,2.075,0.472,-0.034,0.087,0.435,-0.032,0.096,-1.167,0.065,2.043,0.000,0.000,0.000,0.000
,-0.166,0.010,-0.221,-0.226,0.013,-0.229,-0.222,0.013,-0.229,-0.170,0.010,-0.221,0.058,-0.003,-0.120,-0.031,0.002,-0.005,-0.029,0.002,-0.004,0.065,-0.004,-0.118,0.000,0.000,0.000,0.000
,3.656,-0.215,5.189,5.107,-0.299,5.365,5.004,-0.293,5.363,3.756,-0.221,5.194,-0.854,0.057,2.586,0.772,-0.043,-0.405,0.711,-0.040,-0.439,-0.958,0.063,2.520,0.000,0.000,0.000,0.000
,-1.028,0.058,-0.852,-3.355,0.197,-1.096,-3.331,0.195,-1.096,-1.032,0.058,-0.854,10.095,-0.660,0.223,11.495,-0.740,-9.752,11.207,-0.723,-9.524,9.759,-0.640,0.402,0.000,0.000,0.000,0.000
,0.059,-0.004,0.057,0.183,-0.011,0.070,0.180,-0.011,0.070,0.057,-0.003,0.057,-0.660,0.074,-0.031,-0.758,0.067,0.690,-0.696,0.063,0.598,-0.576,0.069,-0.106,0.000,0.000,0.000,0.000
,2.096,-0.122,2.588,1.708,-0.102,2.683,1.632,-0.097,2.683,2.075,-0.120,2.586,0.223,-0.031,17.355,4.287,-0.259,-0.713,4.024,-0.243,-0.787,0.041,-0.020,17.389,0.000,0.000,0.000,0.000
,0.507,-0.033,0.775,-2.468,0.143,0.551,-2.465,0.143,0.551,0.472,-0.031,0.772,11.495,-0.758,4.287,16.358,-1.029,-12.232,15.715,-0.991,-12.032,11.097,-0.735,4.499,0.000,0.000,0.000,0.000
,-0.035,0.002,-0.043,0.130,-0.008,-0.031,0.129,-0.008,-0.031,-0.034,0.002,-0.043,-0.740,0.067,-0.259,-1.029,0.082,0.813,-0.966,0.078,0.735,-0.663,0.062,-0.325,0.000,0.000,0.000,0.000
,0.084,-0.004,-0.406,2.170,-0.127,-0.189,2.142,-0.126,-0.189,0.087,-0.005,-0.405,-9.752,0.690,-0.713,-12.232,0.813,11.898,-11.644,0.779,11.573,-9.425,0.671,-1.050,0.000,0.000,0.000,0.000
,0.473,-0.032,0.715,-2.507,0.145,0.489,-2.504,0.145,0.490,0.435,-0.029,0.711,11.207,-0.696,4.024,15.715,-0.966,-11.644,15.528,-0.955,-11.515,10.869,-0.677,4.109,0.000,0.000,0.000,0.000
,-0.033,0.002,-0.040,0.132,-0.008,-0.028,0.131,-0.008,-0.028,-0.032,0.002,-0.040,-0.723,0.063,-0.243,-0.991,0.078,0.779,-0.955,0.076,0.704,-0.649,0.059,-0.302,0.000,0.000,0.000,0.000
,0.088,-0.004,-0.441,2.211,-0.129,-0.218,2.189,-0.128,-0.219,0.096,-0.004,-0.439,-9.524,0.598,-0.787,-12.032,0.735,11.573,-11.515,0.704,11.555,-9.415,0.592,-0.900,0.000,0.000,0.000,0.000
,-1.153,0.064,-0.956,-3.549,0.208,-1.212,-3.526,0.206,-1.211,-1.167,0.065,-0.958,9.759,-0.576,0.041,11.097,-0.663,-9.425,10.869,-0.649,-9.415,9.790,-0.578,0.099,0.000,0.000,0.000,0.000
,0.066,-0.004,0.063,0.194,-0.011,0.076,0.191,-0.011,0.076,0.065,-0.004,0.063,-0.640,0.069,-0.020,-0.735,0.062,0.671,-0.677,0.059,0.592,-0.578,0.066,-0.088,0.000,0.000,0.000,0.000
,2.062,-0.119,2.522,1.673,-0.099,2.618,1.602,-0.095,2.617,2.043,-0.118,2.520,0.402,-0.106,17.389,4.499,-0.325,-1.050,4.109,-0.302,-0.900,0.099,-0.088,17.636,0.000,0.000,0.000,0.000
,0.000,0.000,0.000,0.000,0.000,0.000,0.000,0.000,0.000,0.000,0.000,0.000,0.000,0.000,0.000,0.000,0.000,0.000,0.000,0.000,0.000,0.000,0.000,0.000,0.000,0.000,0.000,0.000
,0.000,0.000,0.000,0.000,0.000,0.000,0.000,0.000,0.000,0.000,0.000,0.000,0.000,0.000,0.000,0.000,0.000,0.000,0.000,0.000,0.000,0.000,0.000,0.000,0.000,0.000,0.000,0.000
,0.000,0.000,0.000,0.000,0.000,0.000,0.000,0.000,0.000,0.000,0.000,0.000,0.000,0.000,0.000,0.000,0.000,0.000,0.000,0.000,0.000,0.000,0.000,0.000,0.000,0.000,0.000,0.000
,0.000,0.000,0.000,0.000,0.000,0.000,0.000,0.000,0.000,0.000,0.000,0.000,0.000,0.000,0.000,0.000,0.000,0.000,0.000,0.000,0.000,0.000,0.000,0.000,0.000,0.000,0.000,0.000

730.820,-49.594,261.251
-49.594,262.957-616.320
261.251-616.3202005.179


82.812,-51.161,1.306,58.649,59.287,0.143,-35.894,60.718,1.100,-58.432,-44.745,0.647,-0.164,-12.187,0.940,27.423,-2.262,-27.261,-29.755,6.236,12.602,25.373,-12.723,20.559,0.000,0.000,0.000,0.000
,-51.161,108.156,10.353,-48.726,-102.333,1.851,143.671,-98.984,1.859,163.780,91.243,7.891,11.616,-4.918,-6.017,3.579,12.743,-1.000,34.815,-13.011,10.522,-9.197,17.072,-2.699,0.000,0.000,0.000,0.000
,1.306,10.353,7.367,-2.756,-6.328,-0.308,19.003,-8.706,2.778,15.889,11.697,0.168,8.294,-1.391,4.657,-20.510,8.398,-20.451,11.093,0.540,6.848,-9.512,5.261,-7.487,0.000,0.000,0.000,0.000
,58.649,-48.726,-2.756,100.563,61.633,2.976,-48.572,100.555,-2.627,-52.160,-28.699,1.712,-22.255,-6.039,0.370,-0.118,43.533,33.180,2.092,14.504,-32.857,-27.497,22.028,-10.597,0.000,0.000,0.000,0.000
,59.287,-102.333,-6.328,61.633,122.444,0.440,-143.736,120.667,0.776,-166.017,-79.258,-9.368,2.500,0.575,1.759,-38.946,2.034,-17.418,-5.182,1.118,7.747,-17.855,-16.980,2.196,0.000,0.000,0.000,0.000
,0.143,1.851,-0.308,2.976,0.440,4.931,-1.305,4.544,-0.966,1.720,0.601,3.041,0.027,-3.648,-20.516,-3.570,3.415,-19.533,4.294,4.500,18.060,6.889,-14.989,-2.599,0.000,0.000,0.000,0.000
,-35.894,143.671,19.003,-48.572,-143.736,-1.305,268.890,-141.572,6.459,246.884,162.587,12.741,25.896,-42.712,-6.172,-7.228,3.107,-37.707,11.221,-57.153,23.568,9.798,14.600,25.367,0.000,0.000,0.000,0.000
,60.718,-98.984,-8.706,100.555,120.667,4.544,-141.572,173.789,-2.525,-170.941,-71.787,-7.917,-4.531,10.615,-22.221,-15.239,13.720,-3.217,26.410,16.899,31.559,-30.159,-4.501,8.404,0.000,0.000,0.000,0.000
,1.100,1.859,2.778,-2.627,0.776,-0.966,6.459,-2.525,7.263,1.128,4.456,-1.590,0.233,-2.909,14.882,-30.928,17.328,6.384,7.117,-1.751,-31.753,-22.306,18.664,3.825,0.000,0.000,0.000,0.000
,-58.432,163.780,15.889,-52.160,-166.017,1.720,246.884,-170.941,1.128,294.666,145.947,19.371,-26.158,-6.063,12.947,21.607,27.304,40.492,-0.652,0.779,-29.690,-3.603,25.586,-10.206,0.000,0.000,0.000,0.000
,-44.745,91.243,11.697,-28.699,-79.258,0.601,162.587,-71.787,4.456,145.947,131.825,5.505,12.326,-10.368,16.383,-24.422,15.464,-19.662,9.677,-16.173,2.610,-4.012,7.845,-14.544,0.000,0.000,0.000,0.000
,0.647,7.891,0.168,1.712,-9.368,3.041,12.741,-7.917,-1.590,19.371,5.505,8.409,-6.160,-12.124,-8.778,18.200,-8.353,-4.937,-6.233,-5.972,3.229,9.795,-11.197,18.239,0.000,0.000,0.000,0.000
,-0.164,11.616,8.294,-22.255,2.500,0.027,25.896,-4.531,0.233,-26.158,12.326,-6.160,3996.601,-664.428-1212.107-1229.998,103.524,-555.677,2813.741,-572.365,492.948-1223.030,65.642,267.081,0.000,0.000,0.000,0.000
,-12.187,-4.918,-1.391,-6.039,0.575,-3.648,-42.712,10.615,-2.909,-6.063,-10.368,-12.124,-664.428,2124.398,962.419,1077.093,-587.666,567.240,-661.571,1738.329,-675.241,904.693,-431.729,-910.437,0.000,0.000,0.000,0.000
,0.940,-6.017,4.657,0.370,1.759,-20.516,-6.172,-22.221,14.882,12.947,16.383,-8.778-1212.107,962.419,4633.267,885.828,205.718,1320.789,-839.730,487.826-1423.057,802.794,589.572,-481.969,0.000,0.000,0.000,0.000
,27.423,3.579,-20.510,-0.118,-38.946,-3.570,-7.228,-15.239,-30.928,21.607,-24.422,18.200-1229.998,1077.093,885.828,4863.739,-997.403,247.997-1362.623,1048.236,-174.995,3651.398,-644.401-1161.580,0.000,0.000,0.000,0.000
,-2.262,12.743,8.398,43.533,2.034,3.415,3.107,13.720,17.328,27.304,15.464,-8.353,103.524,-587.666,205.718,-997.403,2735.357,924.036,241.301,-573.647-1257.716,-733.344,2197.170,-580.101,0.000,0.000,0.000,0.000
,-27.261,-1.000,-20.451,33.180,-17.418,-19.533,-37.707,-3.217,6.384,40.492,-19.662,-4.937,-555.677,567.240,1320.789,247.997,924.036,4955.367,-238.857,482.954-1214.237,-266.916,1023.997,-548.941,0.000,0.000,0.000,0.000
,-29.755,34.815,11.093,2.092,-5.182,4.294,11.221,26.410,7.117,-0.652,9.677,-6.233,2813.741,-661.571,-839.730-1362.623,241.301,-238.857,4461.141,-727.188,207.992-1763.378,101.813,419.250,0.000,0.000,0.000,0.000
,6.236,-13.011,0.540,14.504,1.118,4.500,-57.153,16.899,-1.751,0.779,-16.173,-5.972,-572.365,1738.329,487.826,1048.236,-573.647,482.954,-727.188,2840.229,-352.264,1005.712,-750.563-1324.556,0.000,0.000,0.000,0.000
,12.602,10.522,6.848,-32.857,7.747,18.060,23.568,31.559,-31.753,-29.690,2.610,3.229,492.948,-675.241-1423.057,-174.995-1257.716-1214.237,207.992,-352.264,5976.294,31.019-1477.981,712.547,0.000,0.000,0.000,0.000
,25.373,-9.197,-9.512,-27.497,-17.855,6.889,9.798,-30.159,-22.306,-3.603,-4.012,9.795-1223.030,904.693,802.794,3651.398,-733.344,-266.916-1763.378,1005.712,31.019,5083.091,-580.445-1812.015,0.000,0.000,0.000,0.000
,-12.723,17.072,5.261,22.028,-16.980,-14.989,14.600,-4.501,18.664,25.586,7.845,-11.197,65.642,-431.729,589.572,-644.401,2197.170,1023.997,101.813,-750.563-1477.981,-580.445,2964.928,-358.616,0.000,0.000,0.000,0.000
,20.559,-2.699,-7.487,-10.597,2.196,-2.599,25.367,8.404,3.825,-10.206,-14.544,18.239,267.081,-910.437,-481.969-1161.580,-580.101,-548.941,419.250-1324.556,712.547-1812.015,-358.616,6031.393,0.000,0.000,0.000,0.000
,0.000,0.000,0.000,0.000,0.000,0.000,0.000,0.000,0.000,0.000,0.000,0.000,0.000,0.000,0.000,0.000,0.000,0.000,0.000,0.000,0.000,0.000,0.000,0.000,0.000,0.000,0.000,0.000
,0.000,0.000,0.000,0.000,0.000,0.000,0.000,0.000,0.000,0.000,0.000,0.000,0.000,0.000,0.000,0.000,0.000,0.000,0.000,0.000,0.000,0.000,0.000,0.000,0.000,0.000,0.000,0.000
,0.000,0.000,0.000,0.000,0.000,0.000,0.000,0.000,0.000,0.000,0.000,0.000,0.000,0.000,0.000,0.000,0.000,0.000,0.000,0.000,0.000,0.000,0.000,0.000,0.000,0.000,0.000,0.000
,0.000,0.000,0.000,0.000,0.000,0.000,0.000,0.000,0.000,0.000,0.000,0.000,0.000,0.000,0.000,0.000,0.000,0.000,0.000,0.000,0.000,0.000,0.000,0.000,0.000,0.000,0.000,0.000


82.812,-51.161,1.306,58.649,59.287,0.143,-35.894,60.718,1.100,-58.432,-44.745,0.647,-0.164,-12.187,0.940,27.423,-2.262,-27.261,-29.755,6.236,12.602,25.373,-12.723,20.559,0.000,0.000,0.000,0.000
,-51.161,108.156,10.353,-48.726,-102.333,1.851,143.671,-98.984,1.859,163.780,91.243,7.891,11.616,-4.918,-6.017,3.579,12.743,-1.000,34.815,-13.011,10.522,-9.197,17.072,-2.699,0.000,0.000,0.000,0.000
,1.306,10.353,7.367,-2.756,-6.328,-0.308,19.003,-8.706,2.778,15.889,11.697,0.168,8.294,-1.391,4.657,-20.510,8.398,-20.451,11.093,0.540,6.848,-9.512,5.261,-7.487,0.000,0.000,0.000,0.000
,58.649,-48.726,-2.756,100.563,61.633,2.976,-48.572,100.555,-2.627,-52.160,-28.699,1.712,-22.255,-6.039,0.370,-0.118,43.533,33.180,2.092,14.504,-32.857,-27.497,22.028,-10.597,0.000,0.000,0.000,0.000
,59.287,-102.333,-6.328,61.633,122.444,0.440,-143.736,120.667,0.776,-166.017,-79.258,-9.368,2.500,0.575,1.759,-38.946,2.034,-17.418,-5.182,1.118,7.747,-17.855,-16.980,2.196,0.000,0.000,0.000,0.000
,0.143,1.851,-0.308,2.976,0.440,4.931,-1.305,4.544,-0.966,1.720,0.601,3.041,0.027,-3.648,-20.516,-3.570,3.415,-19.533,4.294,4.500,18.060,6.889,-14.989,-2.599,0.000,0.000,0.000,0.000
,-35.894,143.671,19.003,-48.572,-143.736,-1.305,268.890,-141.572,6.459,246.884,162.587,12.741,25.896,-42.712,-6.172,-7.228,3.107,-37.707,11.221,-57.153,23.568,9.798,14.600,25.367,0.000,0.000,0.000,0.000
,60.718,-98.984,-8.706,100.555,120.667,4.544,-141.572,173.789,-2.525,-170.941,-71.787,-7.917,-4.531,10.615,-22.221,-15.239,13.720,-3.217,26.410,16.899,31.559,-30.159,-4.501,8.404,0.000,0.000,0.000,0.000
,1.100,1.859,2.778,-2.627,0.776,-0.966,6.459,-2.525,7.263,1.128,4.456,-1.590,0.233,-2.909,14.882,-30.928,17.328,6.384,7.117,-1.751,-31.753,-22.306,18.664,3.825,0.000,0.000,0.000,0.000
,-58.432,163.780,15.889,-52.160,-166.017,1.720,246.884,-170.941,1.128,294.666,145.947,19.371,-26.158,-6.063,12.947,21.607,27.304,40.492,-0.652,0.779,-29.690,-3.603,25.586,-10.206,0.000,0.000,0.000,0.000
,-44.745,91.243,11.697,-28.699,-79.258,0.601,162.587,-71.787,4.456,145.947,131.825,5.505,12.326,-10.368,16.383,-24.422,15.464,-19.662,9.677,-16.173,2.610,-4.012,7.845,-14.544,0.000,0.000,0.000,0.000
,0.647,7.891,0.168,1.712,-9.368,3.041,12.741,-7.917,-1.590,19.371,5.505,8.409,-6.160,-12.124,-8.778,18.200,-8.353,-4.937,-6.233,-5.972,3.229,9.795,-11.197,18.239,0.000,0.000,0.000,0.000
,-0.164,11.616,8.294,-22.255,2.500,0.027,25.896,-4.531,0.233,-26.158,12.326,-6.160,3996.601,-664.428,-1212.107,-1229.998,103.524,-555.677,2813.741,-572.365,492.948,-1223.030,65.642,267.081,0.000,0.000,0.000,0.000
,-12.187,-4.918,-1.391,-6.039,0.575,-3.648,-42.712,10.615,-2.909,-6.063,-10.368,-12.124,-664.428,2124.398,962.419,1077.093,-587.666,567.240,-661.571,1738.329,-675.241,904.693,-431.729,-910.437,0.000,0.000,0.000,0.000
,0.940,-6.017,4.657,0.370,1.759,-20.516,-6.172,-22.221,14.882,12.947,16.383,-8.778,-1212.107,962.419,4633.267,885.828,205.718,1320.789,-839.730,487.826,-1423.057,802.794,589.572,-481.969,0.000,0.000,0.000,0.000
,27.423,3.579,-20.510,-0.118,-38.946,-3.570,-7.228,-15.239,-30.928,21.607,-24.422,18.200,-1229.998,1077.093,885.828,4863.739,-997.403,247.997,-1362.623,1048.236,-174.995,3651.398,-644.401,-1161.580,0.000,0.000,0.000,0.000
,-2.262,12.743,8.398,43.533,2.034,3.415,3.107,13.720,17.328,27.304,15.464,-8.353,103.524,-587.666,205.718,-997.403,2735.357,924.036,241.301,-573.647,-1257.716,-733.344,2197.170,-580.101,0.000,0.000,0.000,0.000
,-27.261,-1.000,-20.451,33.180,-17.418,-19.533,-37.707,-3.217,6.384,40.492,-19.662,-4.937,-555.677,567.240,1320.789,247.997,924.036,4955.367,-238.857,482.954,-1214.237,-266.916,1023.997,-548.941,0.000,0.000,0.000,0.000
,-29.755,34.815,11.093,2.092,-5.182,4.294,11.221,26.410,7.117,-0.652,9.677,-6.233,2813.741,-661.571,-839.730,-1362.623,241.301,-238.857,4461.141,-727.188,207.992,-1763.378,101.813,419.250,0.000,0.000,0.000,0.000
,6.236,-13.011,0.540,14.504,1.118,4.500,-57.153,16.899,-1.751,0.779,-16.173,-5.972,-572.365,1738.329,487.826,1048.236,-573.647,482.954,-727.188,2840.229,-352.264,1005.712,-750.563,-1324.556,0.000,0.000,0.000,0.000
,12.602,10.522,6.848,-32.857,7.747,18.060,23.568,31.559,-31.753,-29.690,2.610,3.229,492.948,-675.241,-1423.057,-174.995,-1257.716,-1214.237,207.992,-352.264,5976.294,31.019,-1477.981,712.547,0.000,0.000,0.000,0.000
,25.373,-9.197,-9.512,-27.497,-17.855,6.889,9.798,-30.159,-22.306,-3.603,-4.012,9.795,-1223.030,904.693,802.794,3651.398,-733.344,-266.916,-1763.378,1005.712,31.019,5083.091,-580.445,-1812.015,0.000,0.000,0.000,0.000
,-12.723,17.072,5.261,22.028,-16.980,-14.989,14.600,-4.501,18.664,25.586,7.845,-11.197,65.642,-431.729,589.572,-644.401,2197.170,1023.997,101.813,-750.563,-1477.981,-580.445,2964.928,-358.616,0.000,0.000,0.000,0.000
,20.559,-2.699,-7.487,-10.597,2.196,-2.599,25.367,8.404,3.825,-10.206,-14.544,18.239,267.081,-910.437,-481.969,-1161.580,-580.101,-548.941,419.250,-1324.556,712.547,-1812.015,-358.616,6031.393,0.000,0.000,0.000,0.000
,0.000,0.000,0.000,0.000,0.000,0.000,0.000,0.000,0.000,0.000,0.000,0.000,0.000,0.000,0.000,0.000,0.000,0.000,0.000,0.000,0.000,0.000,0.000,0.000,0.000,0.000,0.000,0.000
,0.000,0.000,0.000,0.000,0.000,0.000,0.000,0.000,0.000,0.000,0.000,0.000,0.000,0.000,0.000,0.000,0.000,0.000,0.000,0.000,0.000,0.000,0.000,0.000,0.000,0.000,0.000,0.000
,0.000,0.000,0.000,0.000,0.000,0.000,0.000,0.000,0.000,0.000,0.000,0.000,0.000,0.000,0.000,0.000,0.000,0.000,0.000,0.000,0.000,0.000,0.000,0.000,0.000,0.000,0.000,0.000
,0.000,0.000,0.000,0.000,0.000,0.000,0.000,0.000,0.000,0.000,0.000,0.000,0.000,0.000,0.000,0.000,0.000,0.000,0.000,0.000,0.000,0.000,0.000,0.000,0.000,0.000,0.000,0.000
